Distance [m] 	Depth [m]
0.0	0.0
305.49462991981426	0.0
610.9892598396285	-49.91999816894531
916.4838897594427	-50.81999969482422
1221.978519679257	-49.779998779296875
1527.4731495990713	-48.380001068115234
1832.9677795188854	-46.7599983215332
2138.4624094387	-47.25
2443.957039358514	-65.26000213623047
2749.451669278328	-68.55999755859375
3054.9462991981427	-71.5999984741211
3360.440929117957	-78.2300033569336
3665.935559037771	-79.05000305175781
3971.4301889575854	-84.33000183105469
4276.9248188774	-85.12000274658203
4582.419448797214	-82.93000030517578
4887.914078717028	-94.3499984741211
5193.408708636843	-94.4000015258789
5498.903338556656	-97.26000213623047
5804.397968476471	-96.5199966430664
6109.892598396285	-105.86000061035156
6415.387228316099	-103.41000366210938
6720.881858235914	-100.11000061035156
7026.376488155728	-107.55000305175781
7331.871118075542	-107.55999755859375
7637.365747995356	-107.43000030517578
7942.860377915171	-109.41000366210938
8248.355007834985	-111.19000244140625
8553.8496377548	-113.01000213623047
8859.344267674613	-113.45999908447266
9164.838897594427	-109.98999786376953
9470.333527514242	-101.0999984741211
9775.828157434056	-89.44999694824219
10081.32278735387	-118.73999786376953
10386.817417273685	-119.80000305175781
10692.3120471935	-110.0199966430664
10997.806677113313	-72.97000122070312
11303.301307033127	-54.529998779296875
11608.795936952942	-63.59000015258789
11914.290566872756	-73.66000366210938
12219.78519679257	-66.05999755859375
12525.279826712385	-80.52999877929688
12830.774456632198	-80.45999908447266
13136.269086552013	-77.02999877929688
13441.763716471827	-72.94000244140625
13747.258346391642	-79.55000305175781
14052.752976311456	-79.51000213623047
14358.24760623127	-76.25
14663.742236151083	-76.38999938964844
14969.236866070898	-80.20999908447266
15274.731495990713	-81.58999633789062
15580.226125910527	-81.75
15885.720755830342	-91.76000213623047
16191.215385750156	-100.48999786376953
16496.71001566997	-112.23999786376953
16802.204645589783	-111.31999969482422
17107.6992755096	-110.37999725341797
17413.193905429413	-115.20999908447266
17718.688535349225	-120.95999908447266
18024.18316526904	-176.77999877929688
18329.677795188854	-170.38999938964844
18635.17242510867	-176.9499969482422
18940.667055028483	-183.64999389648438
19246.1616849483	-188.8300018310547
19551.656314868113	-194.19000244140625
19857.150944787925	-201.13999938964844
20162.64557470774	-205.85000610351562
20468.140204627554	-210.27999877929688
20773.63483454737	-215.1999969482422
21079.129464467183	-218.39999389648438
21384.624094387	-231.49000549316406
21690.118724306813	-237.08999633789062
21995.613354226625	-230.4600067138672
22301.10798414644	-236.0
22606.602614066254	-215.3300018310547
22912.09724398607	-269.6000061035156
23217.591873905883	-286.5
23523.086503825696	-303.3900146484375
23828.581133745512	-313.54998779296875
24134.075763665325	-328.95001220703125
24439.57039358514	-359.6000061035156
24745.065023504954	-372.79998779296875
25050.55965342477	-386.69000244140625
25356.054283344583	-412.9599914550781
25661.548913264396	-429.6499938964844
25967.043543184212	-455.42999267578125
26272.538173104025	-457.9800109863281
26578.03280302384	-459.1700134277344
26883.527432943654	-461.0899963378906
27189.02206286347	-472.7099914550781
27494.516692783283	-486.4599914550781
27800.011322703096	-513.1799926757812
28105.505952622912	-524.1300048828125
28411.000582542725	-525.5900268554688
28716.49521246254	-543.7999877929688
29021.989842382354	-576.7899780273438
29327.484472302167	-610.77001953125
29632.979102221983	-651.3400268554688
29938.473732141796	-691.510009765625
30243.968362061612	-649.010009765625
30549.462991981425	-609.9199829101562
30854.95762190124	-644.0900268554688
31160.452251821054	-683.5499877929688
31465.946881740867	-673.02001953125
31771.441511660683	-566.02001953125
32076.936141580496	-536.5499877929688
32382.430771500312	-631.780029296875
32687.925401420125	-487.2300109863281
32993.42003133994	-418.8299865722656
33298.914661259754	-498.7699890136719
33604.40929117957	-641.4199829101562
33909.90392109938	-756.219970703125
34215.3985510192	-767.4199829101562
34520.89318093901	-774.3400268554688
34826.387810858825	-776.8599853515625
35131.88244077864	-793.1099853515625
35437.37707069845	-785.0499877929688
35742.87170061827	-789.510009765625
36048.36633053808	-784.4500122070312
36353.860960457896	-764.8599853515625
36659.35559037771	-739.219970703125
36964.85022029753	-714.2000122070312
37270.34485021734	-710.3800048828125
37575.839480137154	-696.97998046875
37881.33411005697	-684.6699829101562
38186.82873997678	-670.510009765625
38492.3233698966	-678.02001953125
38797.81799981641	-679.4299926757812
39103.312629736225	-690.9500122070312
39408.80725965604	-705.5599975585938
39714.30188957585	-715.1400146484375
40019.79651949567	-744.780029296875
40325.29114941548	-766.8200073242188
40630.785779335296	-781.97998046875
40936.28040925511	-814.239990234375
41241.77503917492	-823.9400024414062
41547.26966909474	-826.7000122070312
41852.764299014554	-831.4500122070312
42158.25892893437	-842.02001953125
42463.75355885418	-845.7999877929688
42769.248188774	-850.0900268554688
43074.74281869381	-856.3300170898438
43380.237448613625	-863.219970703125
43685.73207853344	-866.7100219726562
43991.22670845325	-869.8499755859375
44296.72133837307	-870.4199829101562
44602.21596829288	-870.6400146484375
44907.710598212696	-874.1400146484375
45213.20522813251	-877.9299926757812
45518.69985805232	-882.0
45824.19448797214	-886.8699951171875
46129.689117891954	-891.9400024414062
46435.18374781177	-898.9099731445312
46740.67837773158	-907.9099731445312
47046.17300765139	-909.8499755859375
47351.66763757121	-910.5399780273438
47657.162267491025	-911.02001953125
47962.65689741084	-910.219970703125
48268.15152733065	-905.1300048828125
48573.64615725047	-808.3900146484375
48879.14078717028	-748.4500122070312
49184.635417090096	-823.3699951171875
49490.13004700991	-889.8300170898438
49795.62467692972	-797.3699951171875
50101.11930684954	-766.8499755859375
50406.613936769354	-878.5499877929688
50712.10856668917	-929.1699829101562
51017.60319660898	-859.9199829101562
51323.09782652879	-812.3099975585938
51628.59245644861	-714.9299926757812
51934.087086368425	-636.72998046875
52239.58171628824	-617.9199829101562
52545.07634620805	-614.6699829101562
52850.57097612786	-609.1799926757812
53156.06560604768	-607.0399780273438
53461.560235967496	-589.3099975585938
53767.05486588731	-580.4500122070312
54072.54949580712	-579.8800048828125
54378.04412572694	-527.3900146484375
54683.538755646754	-528.0499877929688
54989.03338556657	-523.7999877929688
55294.52801548638	-519.1300048828125
55600.02264540619	-510.2099914550781
55905.51727532601	-504.5400085449219
56211.011905245825	-501.8399963378906
56516.50653516564	-533.8099975585938
56822.00116508545	-587.8900146484375
57127.49579500526	-579.719970703125
57432.99042492508	-571.7100219726562
57738.485054844896	-557.5399780273438
58043.97968476471	-551.1099853515625
58349.47431468452	-546.6500244140625
58654.968944604334	-541.72998046875
58960.463574524154	-521.6300048828125
59265.95820444397	-540.7999877929688
59571.45283436378	-544.1500244140625
59876.94746428359	-545.3699951171875
60182.44209420341	-548.6900024414062
60487.936724123225	-547.72998046875
60793.43135404304	-559.4500122070312
61098.92598396285	-566.9099731445312
61404.42061388266	-586.47998046875
61709.91524380248	-613.469970703125
62015.409873722296	-637.6599731445312
62320.90450364211	-680.1699829101562
62626.39913356192	-804.6500244140625
62931.893763481734	-847.5800170898438
63237.388393401554	-944.4600219726562
63542.88302332137	-1018.8200073242188
63848.37765324118	-1076.4599609375
64153.87228316099	-1187.9200439453125
64459.36691308081	-1289.4000244140625
64764.861543000625	-1337.6600341796875
65070.35617292044	-1451.030029296875
65375.85080284025	-1512.5799560546875
65681.34543276006	-1569.06005859375
65986.84006267988	-1638.3800048828125
66292.33469259969	-1676.8599853515625
66597.82932251951	-1693.449951171875
66903.32395243933	-1697.5799560546875
67208.81858235913	-1706.97998046875
67514.31321227895	-1721.1199951171875
67819.80784219876	-1738.77001953125
68125.30247211858	-1755.4000244140625
68430.7971020384	-1764.52001953125
68736.2917319582	-1779.8199462890625
69041.78636187802	-1763.469970703125
69347.28099179783	-1774.1400146484375
69652.77562171765	-1781.7900390625
69958.27025163747	-1782.260009765625
70263.76488155728	-1775.6300048828125
70569.2595114771	-1777.719970703125
70874.7541413969	-1778.8699951171875
71180.24877131672	-1780.68994140625
71485.74340123654	-1783.719970703125
71791.23803115635	-1780.6099853515625
72096.73266107617	-1783.2099609375
72402.22729099597	-1785.1800537109375
72707.72192091579	-1784.5899658203125
73013.21655083561	-1783.4100341796875
73318.71118075542	-1782.9100341796875
73624.20581067524	-1784.0799560546875
73929.70044059506	-1775.949951171875
74235.19507051486	-1778.1199951171875
74540.68970043468	-1769.1800537109375
74846.18433035449	-1772.6099853515625
75151.67896027431	-1768.0400390625
75457.17359019413	-1771.449951171875
75762.66822011393	-1770.52001953125
76068.16285003375	-1769.52001953125
76373.65747995356	-1761.31005859375
76679.15210987338	-1762.9100341796875
76984.6467397932	-1759.949951171875
77290.141369713	-1758.4100341796875
77595.63599963282	-1752.1199951171875
77901.13062955263	-1742.030029296875
78206.62525947245	-1727.2099609375
78512.11988939227	-1723.5999755859375
78817.61451931208	-1728.3399658203125
79123.1091492319	-1762.9200439453125
79428.6037791517	-1791.4100341796875
79734.09840907152	-1788.7099609375
80039.59303899134	-1794.6600341796875
80345.08766891115	-1793.22998046875
80650.58229883097	-1789.5699462890625
80956.07692875077	-1781.800048828125
81261.57155867059	-1754.3800048828125
81567.06618859041	-1738.0
81872.56081851022	-1747.219970703125
82178.05544843004	-1759.5400390625
82483.55007834984	-1772.5400390625
82789.04470826966	-1766.1199951171875
83094.53933818948	-1759.9200439453125
83400.03396810929	-1788.8499755859375
84011.02322794893	-1705.52001953125
84316.51785786873	-1673.550048828125
84622.01248778855	-1650.0899658203125
84927.50711770836	-1640.3599853515625
85233.00174762818	-1625.739990234375
85538.496377548	-1593.1300048828125
85843.9910074678	-1560.97998046875
